base 100
12% growth

0     0       0
0     0       1
112   112     2
125   237     3
140   377     4
156   533     5
174   707     6
194   901     7
217   1118    8
243   1361    9
272   1633    10
304   1937    11
340   2277    12
380   2657    13
425   3082    14
476   3558    15
533   4091    16
596   4687    17
667   5354    18
747   6101    19
836   6937    20
936   7873    21
1048  8921    22
1173  10094   23
1313  11407   24
1470  12877   25
1646  14523   26
1843  16366   27
2064  18430   28
2311  20741   29
2588  23329   30
2898  26227   31
3245  29472   32
3634  33106   33
4070  37176   34
4558  41734   35
5104  46838   36
5716  52554   37
6401  58955   38
7169  66124   39
8029  74153   40
8992  83145   41
10071 93216   42
11279 104495  43
12632 117127  44
14147 131274  45
15844 147118  46
17745 164863  47
19874 184737  48
22258 206995  49
24928 231923  50